1 0.260455 -0.22615 0.142184 0.0961565 0.167725 0.0768887 -0.150437 -0.186705 -0.183869
0.260455 1 -0.107914 0.184147 -0.0361223 -0.12201 -0.107797 -0.169135 -0.110802 -0.00594772
-0.22615 -0.107914 1 -0.0810586 0.0620496 -0.149223 -0.273208 0.0573761 -0.108652 0.243408
0.142184 0.184147 -0.0810586 1 0.0398829 -0.109052 -0.0640597 0.0428928 0.106361 -0.00814387
0.0961565 -0.0361223 0.0620496 0.0398829 1 0.206331 -0.0464427 0.00188921 -0.098476 0.092396
0.167725 -0.12201 -0.149223 -0.109052 0.206331 1 0.0770361 -0.084339 -0.16702 -0.140503
0.0768887 -0.107797 -0.273208 -0.0640597 -0.0464427 0.0770361 1 -0.27698 -0.152642 0.206334
-0.150437 -0.169135 0.0573761 0.0428928 0.00188921 -0.084339 -0.27698 1 -0.0459711 -0.291927
-0.186705 -0.110802 -0.108652 0.106361 -0.098476 -0.16702 -0.152642 -0.0459711 1 0.17373
-0.183869 -0.00594772 0.243408 -0.00814387 0.092396 -0.140503 0.206334 -0.291927 0.17373 1

??0.350052 1.74246??

-0.0031556265848365 1.7060405124462 1.5151422313521 1.3733377234636 1.1991198558503 0.47876811185057 0.57764942062023 0.93969950673626 0.68215791144914 0.70497035282219

0.340739	0.542125	0.655541	0.783689	0.965364	1.1489	1.33259	1.48358	1.54763	1.74258
Matlab Eigen Values									
0.35005	0	0	0	0	0	0	0	0	0
0	0.51279	0	0	0	0	0	0	0	0
0	0	0.62455	0	0	0	0	0	0	0
0	0	0	0.68883	0	0	0	0	0	0
0	0	0	0	0.86092	0	0	0	0	0
0	0	0	0	0	1.058	0	0	0	0
0	0	0	0	0	0	1.224	0	0	0
0	0	0	0	0	0	0	1.4117	0	0
0	0	0	0	0	0	0	0	1.5267	0
0	0	0	0	0	0	0	0	0	1.7425
Matblat Eigen Vectors									
-0.014149	0.30553	-0.72082	-0.1361	-0.068765	0.0064767	0.16247	-0.14699	-0.096099	-0.55347
0.31662	0.19874	0.43467	0.31462	-0.22931	0.28665	0.30229	-0.51748	-0.033852	-0.27796
0.4901	-0.0108	-0.17528	-0.40324	-0.0025447	0.24987	0.54527	0.12608	0.013135	0.43649
-0.042766	-0.13989	0.20245	-0.47053	0.5161	-0.39323	0.13394	-0.50316	-0.11957	-0.099109
0.097162	-0.24591	-0.059242	0.51014	0.11798	-0.52707	0.54142	0.26045	-0.0050186	-0.11671
0.11461	0.31338	0.42365	-0.4194	-0.30413	-0.2962	0.036342	0.47524	-0.046051	-0.35178
0.53049	0.040541	-0.0032276	0.075971	0.50825	0.10832	-0.29156	0.16818	0.49709	-0.2841
0.13101	0.60099	0.016223	0.23214	0.38986	-0.049989	-0.10809	0.11093	-0.57571	0.23995
0.42294	0.1184	-0.18561	0.039855	-0.38761	-0.55746	-0.32	-0.31881	0.13816	0.29486
-0.39684	0.55851	0.045297	0.03302	0.096798	-0.10098	0.27095	-0.075016	0.61268	0.23122

Values: 0.920255 1.17708 0.695151 0.684947 0.610742 0.512322 1.38303 1.47894
-0.00600747 -1.69632 LAST_TWO
Values: 0.920255 1.17708 0.695151 0.684947 0.610742 0.512322 1.38303 1.47894
1.70233 0.00600747

delta = 0.323326 (checked)
